fixIdx,time,lat,lng,alt,tickLead,tickRace,zoneIdx,legIdx,togo,area
1,,,,281.0,2520.28355335568,-8939.19741860048,1,0,186.165,0.0
8,,,,281.0,2730.28355335568,-8729.19741860048,8,0,186.164,0.0
10,,,,304.0,2790.28355335568,-8669.19741860048,10,0,186.146,0.0
11,,,,369.0,2820.28355335568,-8639.19741860048,1,1,186.089,0.0
12,,,,389.0,2825.28355335568,-8634.19741860048,2,1,186.07,0.0
13,,,,396.0,2830.28355335568,-8629.19741860048,3,1,186.045,0.0
14,,,,396.0,2835.28355335568,-8624.19741860048,4,1,186.023,0.0
15,,,,410.0,2840.28355335568,-8619.19741860048,5,1,185.997,0.0
16,,,,425.0,2845.28355335568,-8614.19741860048,6,1,185.944,0.0
17,,,,450.0,2850.28355335568,-8609.19741860048,7,1,185.887,0.0
18,,,,476.0,2855.28355335568,-8604.19741860048,8,1,185.8,0.0
19,,,,516.0,2860.28355335568,-8599.19741860048,9,1,185.749,0.0
20,,,,537.0,2865.28355335568,-8594.19741860048,10,1,185.717,0.0
21,,,,561.0,2870.28355335568,-8589.19741860048,11,1,185.651,0.0
22,,,,583.0,2875.28355335568,-8584.19741860048,12,1,185.608,0.0
23,,,,602.0,2880.28355335568,-8579.19741860048,13,1,185.568,0.0
24,,,,623.0,2885.28355335568,-8574.19741860048,14,1,185.516,0.0
25,,,,628.0,2890.28355335568,-8569.19741860048,15,1,185.461,0.0
26,,,,633.0,2895.28355335568,-8564.19741860048,16,1,185.398,0.0
27,,,,643.0,2900.28355335568,-8559.19741860048,17,1,185.329,0.0
28,,,,648.0,2905.28355335568,-8554.19741860048,18,1,185.251,0.0
29,,,,663.0,2910.28355335568,-8549.19741860048,19,1,185.177,0.0
30,,,,675.0,2915.28355335568,-8544.19741860048,20,1,185.11,0.0
31,,,,677.0,2920.28355335568,-8539.19741860048,21,1,185.053,0.0
32,,,,687.0,2925.28355335568,-8534.19741860048,22,1,185.017,0.0
33,,,,695.0,2930.28355335568,-8529.19741860048,23,1,185.001,0.0
182,,,,1869.0,3678.28355335568,-7781.19741860048,172,1,184.964,0.0
183,,,,1853.0,3683.28355335568,-7776.19741860048,173,1,184.877,0.0
184,,,,1836.0,3688.28355335568,-7771.19741860048,174,1,184.795,0.0
185,,,,1827.0,3693.28355335568,-7766.19741860048,175,1,184.752,0.0
186,,,,1815.0,3698.28355335568,-7761.19741860048,176,1,184.721,0.0
187,,,,1804.0,3703.28355335568,-7756.19741860048,177,1,184.712,0.0
189,,,,1765.0,3713.28355335568,-7746.19741860048,179,1,184.69,0.0
190,,,,1755.0,3718.28355335568,-7741.19741860048,180,1,184.652,0.0
191,,,,1749.0,3723.28355335568,-7736.19741860048,181,1,184.613,0.0
192,,,,1734.0,3728.28355335568,-7731.19741860048,182,1,184.567,0.0
193,,,,1718.0,3733.28355335568,-7726.19741860048,183,1,184.516,0.0
194,,,,1699.0,3738.28355335568,-7721.19741860048,184,1,184.464,0.0
195,,,,1682.0,3743.28355335568,-7716.19741860048,185,1,184.409,0.0
196,,,,1669.0,3748.28355335568,-7711.19741860048,186,1,184.364,0.0
197,,,,1653.0,3753.28355335568,-7706.19741860048,187,1,184.306,0.0
198,,,,1640.0,3758.28355335568,-7701.19741860048,188,1,184.242,0.0
199,,,,1625.0,3763.28355335568,-7696.19741860048,189,1,184.178,0.0
200,,,,1623.0,3768.28355335568,-7691.19741860048,190,1,184.087,0.0
201,,,,1610.0,3773.28355335568,-7686.19741860048,191,1,184.004,0.0
202,,,,1600.0,3778.28355335568,-7681.19741860048,192,1,183.913,0.0
203,,,,1584.0,3783.28355335568,-7676.19741860048,193,1,183.83,0.0
204,,,,1574.0,3788.28355335568,-7671.19741860048,194,1,183.739,0.0
205,,,,1563.0,3793.28355335568,-7666.19741860048,195,1,183.657,0.0
206,,,,1547.0,3798.28355335568,-7661.19741860048,196,1,183.575,0.0
207,,,,1532.0,3803.28355335568,-7656.19741860048,197,1,183.491,0.0
208,,,,1518.0,3808.28355335568,-7651.19741860048,198,1,183.411,0.0
209,,,,1504.0,3813.28355335568,-7646.19741860048,199,1,183.325,0.0
210,,,,1496.0,3818.28355335568,-7641.19741860048,200,1,183.241,0.0
211,,,,1485.0,3823.28355335568,-7636.19741860048,201,1,183.155,0.0
212,,,,1472.0,3828.28355335568,-7631.19741860048,202,1,183.058,0.0
213,,,,1464.0,3833.28355335568,-7626.19741860048,203,1,182.98,0.0
214,,,,1459.0,3838.28355335568,-7621.19741860048,204,1,182.911,0.0
215,,,,1450.0,3843.28355335568,-7616.19741860048,205,1,182.842,0.0
216,,,,1441.0,3848.28355335568,-7611.19741860048,206,1,182.774,0.0
217,,,,1435.0,3853.28355335568,-7606.19741860048,207,1,182.706,0.0
218,,,,1424.0,3858.28355335568,-7601.19741860048,208,1,182.637,0.0
219,,,,1412.0,3863.28355335568,-7596.19741860048,209,1,182.559,0.0
220,,,,1402.0,3868.28355335568,-7591.19741860048,210,1,182.476,0.0
221,,,,1392.0,3873.28355335568,-7586.19741860048,211,1,182.4,0.0
222,,,,1383.0,3878.28355335568,-7581.19741860048,212,1,182.324,0.0
223,,,,1376.0,3883.28355335568,-7576.19741860048,213,1,182.252,0.0
224,,,,1369.0,3888.28355335568,-7571.19741860048,214,1,182.184,0.0
225,,,,1358.0,3893.28355335568,-7566.19741860048,215,1,182.118,0.0
226,,,,1347.0,3898.28355335568,-7561.19741860048,216,1,182.058,0.0
227,,,,1336.0,3904.28355335568,-7555.19741860048,217,1,181.993,0.0
228,,,,1323.0,3909.28355335568,-7550.19741860048,218,1,181.931,0.0
229,,,,1307.0,3914.28355335568,-7545.19741860048,219,1,181.876,0.0
230,,,,1292.0,3919.28355335568,-7540.19741860048,220,1,181.805,0.0
231,,,,1275.0,3924.28355335568,-7535.19741860048,221,1,181.735,0.0
232,,,,1260.0,3929.28355335568,-7530.19741860048,222,1,181.671,0.0
233,,,,1248.0,3934.28355335568,-7525.19741860048,223,1,181.607,0.0
234,,,,1239.0,3939.28355335568,-7520.19741860048,224,1,181.551,0.0
235,,,,1229.0,3944.28355335568,-7515.19741860048,225,1,181.5,0.0
236,,,,1220.0,3949.28355335568,-7510.19741860048,226,1,181.456,0.0
237,,,,1207.0,3954.28355335568,-7505.19741860048,227,1,181.398,0.0
238,,,,1196.0,3959.28355335568,-7500.19741860048,228,1,181.331,0.0
239,,,,1188.0,3964.28355335568,-7495.19741860048,229,1,181.265,0.0
240,,,,1183.0,3969.28355335568,-7490.19741860048,230,1,181.192,0.0
241,,,,1171.0,3974.28355335568,-7485.19741860048,231,1,181.123,0.0
242,,,,1160.0,3979.28355335568,-7480.19741860048,232,1,181.045,0.0
243,,,,1158.0,3984.28355335568,-7475.19741860048,233,1,180.961,0.0
244,,,,1141.0,3989.28355335568,-7470.19741860048,234,1,180.887,0.0
245,,,,1133.0,3994.28355335568,-7465.19741860048,235,1,180.811,0.0
246,,,,1118.0,3999.28355335568,-7460.19741860048,236,1,180.777,0.0
247,,,,1110.0,4004.28355335568,-7455.19741860048,237,1,180.74,0.0
248,,,,1098.0,4009.28355335568,-7450.19741860048,238,1,180.691,0.0
249,,,,1085.0,4014.28355335568,-7445.19741860048,239,1,180.643,0.0
250,,,,1070.0,4019.28355335568,-7440.19741860048,240,1,180.582,0.0
251,,,,1062.0,4024.28355335568,-7435.19741860048,241,1,180.512,0.0
252,,,,1048.0,4029.28355335568,-7430.19741860048,242,1,180.462,0.0
253,,,,1029.0,4034.28355335568,-7425.19741860048,243,1,180.413,0.0
254,,,,1019.0,4039.28355335568,-7420.19741860048,244,1,180.37,0.0
255,,,,1017.0,4044.28355335568,-7415.19741860048,245,1,180.339,0.0
256,,,,1014.0,4049.28355335568,-7410.19741860048,246,1,180.31,0.0
257,,,,1018.0,4054.28355335568,-7405.19741860048,247,1,180.294,0.0
258,,,,1016.0,4059.28355335568,-7400.19741860048,248,1,180.283,0.0
259,,,,1021.0,4064.28355335568,-7395.19741860048,249,1,180.266,0.0
260,,,,1016.0,4069.28355335568,-7390.19741860048,250,1,180.242,0.0
261,,,,1019.0,4074.28355335568,-7385.19741860048,251,1,180.224,0.0
262,,,,1011.0,4079.28355335568,-7380.19741860048,252,1,180.207,0.0
263,,,,1011.0,4084.28355335568,-7375.19741860048,253,1,180.195,0.0
264,,,,1012.0,4089.28355335568,-7370.19741860048,254,1,180.172,0.0
265,,,,1004.0,4094.28355335568,-7365.19741860048,255,1,180.158,0.0
266,,,,992.0,4099.28355335568,-7360.19741860048,256,1,180.146,0.0
267,,,,980.0,4104.28355335568,-7355.19741860048,257,1,180.126,0.0
268,,,,971.0,4109.28355335568,-7350.19741860048,258,1,180.076,0.0
269,,,,967.0,4114.28355335568,-7345.19741860048,259,1,180.019,0.0
270,,,,957.0,4119.28355335568,-7340.19741860048,260,1,179.958,0.0
271,,,,946.0,4124.28355335568,-7335.19741860048,261,1,179.907,0.0
272,,,,940.0,4129.28355335568,-7330.19741860048,262,1,179.855,0.0
273,,,,926.0,4134.28355335568,-7325.19741860048,263,1,179.783,0.0
274,,,,915.0,4139.28355335568,-7320.19741860048,264,1,179.705,0.0
275,,,,910.0,4144.28355335568,-7315.19741860048,265,1,179.633,0.0
276,,,,907.0,4149.28355335568,-7310.19741860048,266,1,179.554,0.0
277,,,,906.0,4154.28355335568,-7305.19741860048,267,1,179.474,0.0
278,,,,903.0,4159.28355335568,-7300.19741860048,268,1,179.397,0.0
279,,,,893.0,4164.28355335568,-7295.19741860048,269,1,179.325,0.0
280,,,,879.0,4169.28355335568,-7290.19741860048,270,1,179.244,0.0
281,,,,870.0,4174.28355335568,-7285.19741860048,271,1,179.17,0.0
282,,,,869.0,4179.28355335568,-7280.19741860048,272,1,179.103,0.0
283,,,,868.0,4184.28355335568,-7275.19741860048,273,1,179.055,0.0
284,,,,868.0,4189.28355335568,-7270.19741860048,274,1,179.019,0.0
285,,,,860.0,4194.28355335568,-7265.19741860048,275,1,178.991,0.0
286,,,,855.0,4200.28355335568,-7259.19741860048,276,1,178.948,0.0
287,,,,858.0,4205.28355335568,-7254.19741860048,277,1,178.91,0.0
288,,,,858.0,4210.28355335568,-7249.19741860048,278,1,178.882,0.0
289,,,,864.0,4215.28355335568,-7244.19741860048,279,1,178.843,0.0
290,,,,868.0,4220.28355335568,-7239.19741860048,280,1,178.806,0.0
291,,,,876.0,4225.28355335568,-7234.19741860048,281,1,178.765,0.0
292,,,,887.0,4230.28355335568,-7229.19741860048,282,1,178.739,0.0
293,,,,888.0,4235.28355335568,-7224.19741860048,283,1,178.716,0.0
294,,,,891.0,4240.28355335568,-7219.19741860048,284,1,178.693,0.0
295,,,,886.0,4245.28355335568,-7214.19741860048,285,1,178.679,0.0
296,,,,884.0,4250.28355335568,-7209.19741860048,286,1,178.664,0.0
318,,,,980.0,4360.28355335568,-7099.19741860048,308,1,178.655,0.0
330,,,,997.0,4420.28355335568,-7039.19741860048,320,1,178.65,0.0
331,,,,997.0,4425.28355335568,-7034.19741860048,321,1,178.648,0.0
336,,,,1002.0,4450.28355335568,-7009.19741860048,326,1,178.647,0.0
337,,,,1002.0,4455.28355335568,-7004.19741860048,327,1,178.639,0.0
342,,,,1011.0,4480.28355335568,-6979.19741860048,332,1,178.624,0.0
343,,,,1015.0,4485.28355335568,-6974.19741860048,333,1,178.586,0.0
344,,,,1020.0,4490.28355335568,-6969.19741860048,334,1,178.555,0.0
348,,,,1030.0,4511.28355335568,-6948.19741860048,338,1,178.503,0.0
349,,,,1034.0,4516.28355335568,-6943.19741860048,339,1,178.47,0.0
354,,,,1048.0,4541.28355335568,-6918.19741860048,344,1,178.417,0.0
355,,,,1046.0,4546.28355335568,-6913.19741860048,345,1,178.405,0.0
359,,,,1055.0,4566.28355335568,-6893.19741860048,349,1,178.402,0.0
363,,,,1066.0,4586.28355335568,-6873.19741860048,353,1,178.393,0.0
364,,,,1070.0,4591.28355335568,-6868.19741860048,354,1,178.362,0.0
365,,,,1072.0,4596.28355335568,-6863.19741860048,355,1,178.344,0.0
366,,,,1074.0,4601.28355335568,-6858.19741860048,356,1,178.327,0.0
367,,,,1082.0,4606.28355335568,-6853.19741860048,357,1,178.311,0.0
368,,,,1087.0,4611.28355335568,-6848.19741860048,358,1,178.293,0.0
369,,,,1089.0,4616.28355335568,-6843.19741860048,359,1,178.273,0.0
370,,,,1090.0,4621.28355335568,-6838.19741860048,360,1,178.257,0.0
371,,,,1094.0,4626.28355335568,-6833.19741860048,361,1,178.245,0.0
372,,,,1099.0,4631.28355335568,-6828.19741860048,362,1,178.236,0.0
373,,,,1107.0,4636.28355335568,-6823.19741860048,363,1,178.226,0.0
374,,,,1123.0,4641.28355335568,-6818.19741860048,364,1,178.206,0.0
375,,,,1140.0,4646.28355335568,-6813.19741860048,365,1,178.188,0.0
376,,,,1152.0,4651.28355335568,-6808.19741860048,366,1,178.132,0.0
381,,,,1210.0,4676.28355335568,-6783.19741860048,371,1,178.095,0.0
385,,,,1252.0,4696.28355335568,-6763.19741860048,375,1,178.087,0.0
386,,,,1263.0,4701.28355335568,-6758.19741860048,376,1,178.027,0.0
482,,,,2000.0,5182.28355335568,-6277.19741860048,472,1,177.965,0.0
483,,,,1990.0,5187.28355335568,-6272.19741860048,473,1,177.9,0.0
484,,,,1982.0,5192.28355335568,-6267.19741860048,474,1,177.831,0.0
485,,,,1975.0,5197.28355335568,-6262.19741860048,475,1,177.755,0.0
486,,,,1973.0,5202.28355335568,-6257.19741860048,476,1,177.675,0.0
487,,,,1973.0,5207.28355335568,-6252.19741860048,477,1,177.594,0.0
488,,,,1982.0,5213.28355335568,-6246.19741860048,478,1,177.524,0.0
489,,,,1983.0,5218.28355335568,-6241.19741860048,479,1,177.459,0.0
490,,,,1998.0,5223.28355335568,-6236.19741860048,480,1,177.383,0.0
491,,,,2005.0,5228.28355335568,-6231.19741860048,481,1,177.358,0.0
497,,,,2054.0,5258.28355335568,-6201.19741860048,487,1,177.3,0.0
498,,,,2052.0,5263.28355335568,-6196.19741860048,488,1,177.268,0.0
504,,,,2069.0,5293.28355335568,-6166.19741860048,494,1,177.203,0.0
505,,,,2071.0,5298.28355335568,-6161.19741860048,495,1,177.127,0.0
506,,,,2084.0,5303.28355335568,-6156.19741860048,496,1,177.044,0.0
507,,,,2084.0,5308.28355335568,-6151.19741860048,497,1,176.975,0.0
508,,,,2082.0,5313.28355335568,-6146.19741860048,1,2,176.898,144777.52449749745
509,,,,2081.0,5318.28355335568,-6141.19741860048,2,2,176.826,135446.7262771624
510,,,,2078.0,5323.28355335568,-6136.19741860048,3,2,176.748,146809.62340935168
511,,,,2073.0,5328.28355335568,-6131.19741860048,4,2,176.671,144999.98167603923
512,,,,2067.0,5333.28355335568,-6126.19741860048,5,2,176.59,152607.32758867944
513,,,,2058.0,5338.28355335568,-6121.19741860048,6,2,176.504,162102.76679704105
514,,,,2047.0,5343.28355335568,-6116.19741860048,7,2,176.434,132009.34675278442
515,,,,2042.0,5348.28355335568,-6111.19741860048,8,2,176.357,145285.62533653315
516,,,,2050.0,5353.28355335568,-6106.19741860048,9,2,176.277,151019.98340434575
517,,,,2054.0,5358.28355335568,-6101.19741860048,10,2,176.199,147315.97559265443
518,,,,2048.0,5363.28355335568,-6096.19741860048,11,2,176.125,139831.4000843072
519,,,,2044.0,5368.28355335568,-6091.19741860048,12,2,176.053,136122.5782982713
520,,,,2033.0,5373.28355335568,-6086.19741860048,13,2,175.978,141867.17869283
521,,,,2020.0,5378.28355335568,-6081.19741860048,14,2,175.902,143830.79167340585
522,,,,2006.0,5383.28355335568,-6076.19741860048,15,2,175.819,157153.35159759145
523,,,,2002.0,5388.28355335568,-6071.19741860048,16,2,175.741,147755.78734933413
524,,,,1993.0,5393.28355335568,-6066.19741860048,17,2,175.668,138353.13175469937
525,,,,1995.0,5398.28355335568,-6061.19741860048,18,2,175.593,142215.48594267754
526,,,,1990.0,5403.28355335568,-6056.19741860048,19,2,175.527,125215.260802785
527,,,,1988.0,5408.28355335568,-6051.19741860048,20,2,175.468,111998.54866278978
528,,,,1982.0,5413.28355335568,-6046.19741860048,21,2,175.398,132953.60030620563
529,,,,1977.0,5418.28355335568,-6041.19741860048,22,2,175.327,134923.25244679375
530,,,,1975.0,5423.28355335568,-6036.19741860048,23,2,175.25,146398.44282792415
531,,,,1968.0,5428.28355335568,-6031.19741860048,24,2,175.179,135058.18638963642
532,,,,1972.0,5433.28355335568,-6026.19741860048,25,2,175.103,144641.78865236405
533,,,,1969.0,5438.28355335568,-6021.19741860048,26,2,175.028,142808.3744115308
534,,,,1963.0,5443.28355335568,-6016.19741860048,27,2,174.932,182873.42518391288
535,,,,1947.0,5448.28355335568,-6011.19741860048,28,2,174.859,139120.5203260242
536,,,,1942.0,5453.28355335568,-6006.19741860048,29,2,174.767,175408.09383757375
537,,,,1933.0,5458.28355335568,-6001.19741860048,30,2,174.684,158314.4196183037
538,,,,1929.0,5463.28355335568,-5996.19741860048,31,2,174.592,175553.83202710148
539,,,,1924.0,5468.28355335568,-5991.19741860048,32,2,174.521,135542.4702075993
540,,,,1918.0,5473.28355335568,-5986.19741860048,33,2,174.447,141340.0603134786
541,,,,1909.0,5478.28355335568,-5981.19741860048,34,2,174.366,154782.61820880775
542,,,,1902.0,5483.28355335568,-5976.19741860048,35,2,174.285,154851.93582707495
543,,,,1889.0,5488.28355335568,-5971.19741860048,36,2,174.205,153008.95484068323
544,,,,1877.0,5493.28355335568,-5966.19741860048,37,2,174.11,181772.34078427078
545,,,,1859.0,5498.28355335568,-5961.19741860048,38,2,174.022,168443.3035997628
546,,,,1840.0,5503.28355335568,-5956.19741860048,39,2,173.925,185740.54724628822
547,,,,1833.0,5508.28355335568,-5951.19741860048,40,2,173.832,178145.6072208149
548,,,,1824.0,5513.28355335568,-5946.19741860048,41,2,173.746,164801.46209808034
549,,,,1812.0,5518.28355335568,-5941.19741860048,42,2,173.664,157202.7649202886
550,,,,1799.0,5523.28355335568,-5936.19741860048,43,2,173.58,161105.87423287253
551,,,,1792.0,5528.28355335568,-5931.19741860048,44,2,173.502,149663.8815567378
552,,,,1785.0,5533.28355335568,-5926.19741860048,45,2,173.421,155489.48974467898
553,,,,1776.0,5538.28355335568,-5921.19741860048,46,2,173.345,145957.12103437044
554,,,,1768.0,5543.28355335568,-5916.19741860048,47,2,173.264,155629.50950072837
555,,,,1762.0,5548.28355335568,-5911.19741860048,48,2,173.18,161462.24197814157
556,,,,1754.0,5553.28355335568,-5906.19741860048,49,2,173.097,159606.87262744055
557,,,,1749.0,5559.28355335568,-5900.19741860048,50,2,173.011,165473.6760393197
558,,,,1739.0,5564.28355335568,-5895.19741860048,51,2,172.926,163615.78256577763
559,,,,1727.0,5569.28355335568,-5890.19741860048,52,2,172.838,169457.88275172582
560,,,,1723.0,5574.28355335568,-5885.19741860048,53,2,172.756,157967.99392773677
561,,,,1709.0,5579.28355335568,-5880.19741860048,54,2,172.685,136839.24358678257
562,,,,1701.0,5584.28355335568,-5875.19741860048,55,2,172.613,138833.41985328114
563,,,,1695.0,5589.28355335568,-5870.19741860048,56,2,172.551,119611.60704147132
564,,,,1687.0,5594.28355335568,-5865.19741860048,57,2,172.484,129324.98293070834
565,,,,1682.0,5599.28355335568,-5860.19741860048,58,2,172.422,119736.04258175187
566,,,,1667.0,5604.28355335568,-5855.19741860048,59,2,172.36,119799.87770973876
567,,,,1663.0,5609.28355335568,-5850.19741860048,60,2,172.291,133393.91783041615
568,,,,1650.0,5614.28355335568,-5845.19741860048,61,2,172.229,119922.44412769802
569,,,,1634.0,5619.28355335568,-5840.19741860048,62,2,172.157,139334.58617803364
570,,,,1627.0,5624.28355335568,-5835.19741860048,63,2,172.08,149078.66031184694
571,,,,1615.0,5629.28355335568,-5830.19741860048,64,2,172.004,147207.9265651778
572,,,,1610.0,5634.28355335568,-5825.19741860048,65,2,171.926,151148.333115444
573,,,,1605.0,5639.28355335568,-5820.19741860048,66,2,171.842,162842.839199829
574,,,,1601.0,5644.28355335568,-5815.19741860048,67,2,171.77,139639.93634417222
575,,,,1595.0,5649.28355335568,-5810.19741860048,68,2,171.707,122245.13492455699
576,,,,1589.0,5654.28355335568,-5805.19741860048,69,2,171.656,99015.05995025035
577,,,,1583.0,5659.28355335568,-5800.19741860048,70,2,171.613,83534.23406131695
578,,,,1573.0,5664.28355335568,-5795.19741860048,71,2,171.591,42768.104998192626
579,,,,1568.0,5669.28355335568,-5790.19741860048,72,2,171.52,138108.7419985509
580,,,,1562.0,5674.28355335568,-5785.19741860048,73,2,171.453,130390.44556073303
581,,,,1552.0,5679.28355335568,-5780.19741860048,74,2,171.39,122667.46451086896
582,,,,1532.0,5684.28355335568,-5775.19741860048,75,2,171.325,126625.80046923453
583,,,,1519.0,5689.28355335568,-5770.19741860048,76,2,171.262,122791.69883566508
584,,,,1503.0,5694.28355335568,-5765.19741860048,77,2,171.216,89707.67476814767
585,,,,1493.0,5699.28355335568,-5760.19741860048,78,2,171.144,140486.88364753858
586,,,,1488.0,5704.28355335568,-5755.19741860048,79,2,171.081,122985.35166000269
587,,,,1497.0,5709.28355335568,-5750.19741860048,80,2,171.021,117189.43933020953
588,,,,1502.0,5714.28355335568,-5745.19741860048,81,2,170.968,103573.77226080811
589,,,,1500.0,5719.28355335568,-5740.19741860048,82,2,170.914,105587.2853885747
590,,,,1504.0,5724.28355335568,-5735.19741860048,83,2,170.862,101733.98225803324
591,,,,1498.0,5729.28355335568,-5730.19741860048,84,2,170.818,86133.5905984312
592,,,,1505.0,5734.28355335568,-5725.19741860048,85,2,170.753,127313.22289426265
593,,,,1513.0,5739.28355335568,-5720.19741860048,86,2,170.702,99945.06035124019
594,,,,1516.0,5744.28355335568,-5715.19741860048,87,2,170.669,64710.750089429785
595,,,,1511.0,5749.28355335568,-5710.19741860048,88,2,170.628,80450.74238534449
596,,,,1514.0,5754.28355335568,-5705.19741860048,89,2,170.592,70685.15882668378
597,,,,1522.0,5759.28355335568,-5700.19741860048,90,2,170.568,47156.09224950956
598,,,,1527.0,5764.28355335568,-5695.19741860048,91,2,170.543,49156.51317922891
599,,,,1531.0,5769.28355335568,-5690.19741860048,92,2,170.51,64931.838302876706
600,,,,1532.0,5774.28355335568,-5685.19741860048,93,2,170.475,68913.0427104278
601,,,,1528.0,5779.28355335568,-5680.19741860048,94,2,170.437,74868.63036014598
602,,,,1524.0,5784.28355335568,-5675.19741860048,95,2,170.396,80830.4633700257
603,,,,1527.0,5789.28355335568,-5670.19741860048,96,2,170.36,71018.39183420828
604,,,,1529.0,5794.28355335568,-5665.19741860048,97,2,170.315,88828.5397293065
605,,,,1536.0,5799.28355335568,-5660.19741860048,98,2,170.268,92831.45735126342
606,,,,1533.0,5804.28355335568,-5655.19741860048,99,2,170.211,112645.48961786654
607,,,,1534.0,5809.28355335568,-5650.19741860048,100,2,170.161,98865.87308116145
608,,,,1524.0,5814.28355335568,-5645.19741860048,101,2,170.108,104856.28387208415
609,,,,1524.0,5819.28355335568,-5640.19741860048,102,2,170.051,112830.45543090954
610,,,,1524.0,5824.28355335568,-5635.19741860048,103,2,169.998,104968.715295852
611,,,,1529.0,5829.28355335568,-5630.19741860048,104,2,169.952,91156.58742229479
612,,,,1533.0,5834.28355335568,-5625.19741860048,105,2,169.914,75349.23533752334
613,,,,1541.0,5839.28355335568,-5620.19741860048,106,2,169.881,65477.25871538656
614,,,,1555.0,5845.28355335568,-5614.19741860048,107,2,169.849,63546.18181063003
615,,,,1564.0,5850.28355335568,-5609.19741860048,108,2,169.812,73523.18699456044
616,,,,1564.0,5855.28355335568,-5604.19741860048,109,2,169.764,95439.06085989042
617,,,,1553.0,5860.28355335568,-5599.19741860048,110,2,169.723,81569.09338979411
618,,,,1555.0,5865.28355335568,-5594.19741860048,111,2,169.677,91571.1529484514
619,,,,1562.0,5870.28355335568,-5589.19741860048,112,2,169.627,99590.53453935581
620,,,,1567.0,5875.28355335568,-5584.19741860048,113,2,169.573,107616.3937901094
621,,,,1563.0,5880.28355335568,-5579.19741860048,114,2,169.521,103686.38130460444
622,,,,1562.0,5885.28355335568,-5574.19741860048,115,2,169.474,93768.83981397511
623,,,,1559.0,5890.28355335568,-5569.19741860048,116,2,169.43,87834.58892408945
624,,,,1566.0,5895.28355335568,-5564.19741860048,117,2,169.383,93877.73920845971
625,,,,1577.0,5900.28355335568,-5559.19741860048,118,2,169.334,97927.79087277
626,,,,1576.0,5905.28355335568,-5554.19741860048,119,2,169.283,101981.09945035093
627,,,,1568.0,5910.28355335568,-5549.19741860048,120,2,169.234,98035.84142389026
628,,,,1557.0,5915.28355335568,-5544.19741860048,121,2,169.196,76072.55769258403
629,,,,1547.0,5920.28355335568,-5539.19741860048,122,2,169.166,60095.96951041831
630,,,,1536.0,5925.28355335568,-5534.19741860048,123,2,169.134,64144.74963522867
631,,,,1527.0,5930.28355335568,-5529.19741860048,124,2,169.089,90259.12324197273
632,,,,1513.0,5935.28355335568,-5524.19741860048,125,2,169.042,94324.45806944041
633,,,,1504.0,5940.28355335568,-5519.19741860048,126,2,168.993,98393.16379698401
634,,,,1497.0,5945.28355335568,-5514.19741860048,127,2,168.946,94429.72940065492
635,,,,1501.0,5950.28355335568,-5509.19741860048,128,2,168.888,116592.06944991842
636,,,,1499.0,5955.28355335568,-5504.19741860048,129,2,168.84,96540.7681875736
637,,,,1491.0,5960.28355335568,-5499.19741860048,130,2,168.785,110678.74040860786
638,,,,1488.0,5965.28355335568,-5494.19741860048,131,2,168.723,124826.51713457666
639,,,,1494.0,5970.28355335568,-5489.19741860048,132,2,168.681,84604.69718553284
640,,,,1506.0,5975.28355335568,-5484.19741860048,133,2,168.587,189435.56174652273
641,,,,1524.0,5980.28355335568,-5479.19741860048,134,2,168.567,40325.530422924945
645,,,,1569.0,6000.28355335568,-5459.19741860048,138,2,168.558,18205.610336354737
646,,,,1585.0,6005.28355335568,-5454.19741860048,139,2,168.502,113351.88897163361
651,,,,1668.0,6030.28355335568,-5429.19741860048,144,2,168.494,16257.451490793075
652,,,,1679.0,6035.28355335568,-5424.19741860048,145,2,168.477,34573.16408237456
659,,,,1814.0,6070.28355335568,-5389.19741860048,152,2,168.421,114523.71775929534
660,,,,1832.0,6075.28355335568,-5384.19741860048,153,2,168.4,42971.94471619363
664,,,,1892.0,6095.28355335568,-5364.19741860048,157,2,168.365,71843.7358045969
665,,,,1910.0,6100.28355335568,-5359.19741860048,158,2,168.327,78048.83346558678
666,,,,1917.0,6105.28355335568,-5354.19741860048,159,2,168.287,82204.9567211544
667,,,,1937.0,6110.28355335568,-5349.19741860048,160,2,168.248,80196.64674954586
668,,,,1948.0,6115.28355335568,-5344.19741860048,161,2,168.236,24692.340854008926
672,,,,1992.0,6135.28355335568,-5324.19741860048,165,2,168.217,39220.456590118985
673,,,,2004.0,6140.28355335568,-5319.19741860048,166,2,168.205,24788.717683045237
678,,,,2036.0,6165.28355335568,-5294.19741860048,171,2,168.188,35257.28991623807
679,,,,2043.0,6170.28355335568,-5289.19741860048,172,2,168.154,70561.06737067671
680,,,,2038.0,6175.28355335568,-5284.19741860048,173,2,168.119,72680.33942180802
681,,,,2038.0,6180.28355335568,-5279.19741860048,174,2,168.092,56102.7414714188
682,,,,2037.0,6185.28355335568,-5274.19741860048,175,2,168.073,39506.24106857378
683,,,,2029.0,6190.28355335568,-5269.19741860048,176,2,168.053,41614.304993125916
684,,,,2022.0,6196.28355335568,-5263.19741860048,177,2,168.04,27072.857867884508
685,,,,2040.0,6201.28355335568,-5258.19741860048,178,2,168.033,14588.587773398747
706,,,,2202.0,6306.28355335568,-5153.19741860048,199,2,168.014,40264.94571578714
707,,,,2212.0,6311.28355335568,-5148.19741860048,200,2,167.964,106022.62128449084
708,,,,2204.0,6316.28355335568,-5143.19741860048,201,2,167.915,103953.84317727406
709,,,,2200.0,6321.28355335568,-5138.19741860048,202,2,167.861,114616.9065462284
710,,,,2195.0,6326.28355335568,-5133.19741860048,203,2,167.799,131655.78092616555
711,,,,2184.0,6331.28355335568,-5128.19741860048,204,2,167.73,146578.7175168333
712,,,,2175.0,6336.28355335568,-5123.19741860048,205,2,167.654,161506.69736764272
713,,,,2163.0,6341.28355335568,-5118.19741860048,206,2,167.565,189188.96710103514
714,,,,2156.0,6346.28355335568,-5113.19741860048,207,2,167.471,199865.94491870236
715,,,,2149.0,6351.28355335568,-5108.19741860048,208,2,167.378,197785.04802989415
716,,,,2143.0,6356.28355335568,-5103.19741860048,209,2,167.29,187197.53397261753
717,,,,2139.0,6361.28355335568,-5098.19741860048,210,2,167.209,172355.28197240393
718,,,,2134.0,6366.28355335568,-5093.19741860048,211,2,167.125,178791.06382432667
719,,,,2119.0,6371.28355335568,-5088.19741860048,212,2,167.039,183098.60936985217
720,,,,2111.0,6376.28355335568,-5083.19741860048,213,2,166.965,157598.1116846364
721,,,,2105.0,6381.28355335568,-5078.19741860048,214,2,166.89,159781.75655295336
722,,,,2097.0,6386.28355335568,-5073.19741860048,215,2,166.834,119350.34118332811
723,,,,2083.0,6391.28355335568,-5068.19741860048,216,2,166.76,157774.94458168815
724,,,,2077.0,6396.28355335568,-5063.19741860048,217,2,166.707,113046.32284739768
725,,,,2064.0,6401.28355335568,-5058.19741860048,218,2,166.652,117365.90162348484
726,,,,2062.0,6406.28355335568,-5053.19741860048,219,2,166.592,128091.3333872118
727,,,,2059.0,6411.28355335568,-5048.19741860048,220,2,166.532,128145.14534568832
728,,,,2061.0,6416.28355335568,-5043.19741860048,221,2,166.448,179465.50419810225
729,,,,2057.0,6421.28355335568,-5038.19741860048,222,2,166.367,173105.05835065266
730,,,,2053.0,6426.28355335568,-5033.19741860048,223,2,166.28,185978.50323003696
731,,,,2067.0,6431.28355335568,-5028.19741860048,224,2,166.203,164648.51862461356
732,,,,2078.0,6436.28355335568,-5023.19741860048,225,2,166.126,164700.20312923787
733,,,,2093.0,6441.28355335568,-5018.19741860048,226,2,166.058,145499.0108404032
734,,,,2087.0,6446.28355335568,-5013.19741860048,227,2,165.997,130571.76180383499
735,,,,2092.0,6451.28355335568,-5008.19741860048,228,2,165.925,154175.25165098437
736,,,,2092.0,6456.28355335568,-5003.19741860048,229,2,165.855,149944.60301331058
737,,,,2092.0,6461.28355335568,-4998.19741860048,230,2,165.787,145712.64401369987
738,,,,2088.0,6466.28355335568,-4993.19741860048,231,2,165.726,130763.08063705481
739,,,,2090.0,6471.28355335568,-4988.19741860048,232,2,165.664,132960.15671831075
740,,,,2085.0,6476.28355335568,-4983.19741860048,233,2,165.606,124433.11025775228
741,,,,2077.0,6481.28355335568,-4978.19741860048,234,2,165.533,156673.0200839653
742,,,,2068.0,6486.28355335568,-4973.19741860048,235,2,165.457,163164.01949270075
743,,,,2067.0,6491.28355335568,-4968.19741860048,236,2,165.384,156773.5401715456
744,,,,2042.0,6496.28355335568,-4963.19741860048,237,2,165.314,150381.5584969185
745,,,,2024.0,6501.28355335568,-4958.19741860048,238,2,165.254,128946.9780999457
746,,,,2017.0,6506.28355335568,-4953.19741860048,239,2,165.18,159092.40017551056
748,,,,2006.0,6516.28355335568,-4943.19741860048,241,2,165.097,178630.82240158386
749,,,,1997.0,6522.28355335568,-4937.19741860048,242,2,164.982,247579.91579594987
750,,,,1982.0,6527.28355335568,-4932.19741860048,243,2,164.882,215311.58620439956
751,,,,1968.0,6532.28355335568,-4927.19741860048,244,2,164.792,193817.16433521558
752,,,,1950.0,6537.28355335568,-4922.19741860048,245,2,164.702,193859.61364165123
753,,,,1934.0,6542.28355335568,-4917.19741860048,246,2,164.613,191748.01764522304
754,,,,1920.0,6547.28355335568,-4912.19741860048,247,2,164.528,183173.2537629957
755,,,,1905.0,6552.28355335568,-4907.19741860048,248,2,164.452,163823.3384970901
756,,,,1890.0,6557.28355335568,-4902.19741860048,249,2,164.366,185429.14625643467
757,,,,1878.0,6562.28355335568,-4897.19741860048,250,2,164.296,150974.1266049555
758,,,,1867.0,6567.28355335568,-4892.19741860048,251,2,164.216,172594.51637436415
759,,,,1861.0,6572.28355335568,-4887.19741860048,252,2,164.147,148908.53736574296
760,,,,1854.0,6577.28355335568,-4882.19741860048,253,2,164.075,155434.25969637046
761,,,,1847.0,6582.28355335568,-4877.19741860048,254,2,164.01,140370.65247417046
762,,,,1837.0,6587.28355335568,-4872.19741860048,255,2,163.95,129621.93084951663
763,,,,1828.0,6592.28355335568,-4867.19741860048,256,2,163.892,125351.19063253977
764,,,,1817.0,6597.28355335568,-4862.19741860048,257,2,163.83,134048.6475616796
765,,,,1813.0,6602.28355335568,-4857.19741860048,258,2,163.77,129774.48552476417
766,,,,1811.0,6607.28355335568,-4852.19741860048,259,2,163.713,123335.06327453938
767,,,,1808.0,6612.28355335568,-4847.19741860048,260,2,163.656,123385.42931094817
768,,,,1800.0,6617.28355335568,-4842.19741860048,261,2,163.614,90956.81231728541
769,,,,1791.0,6622.28355335568,-4837.19741860048,262,2,163.57,95335.02977335363
770,,,,1777.0,6627.28355335568,-4832.19741860048,263,2,163.524,99716.25558364409
771,,,,1769.0,6632.28355335568,-4827.19741860048,264,2,163.459,140961.85825324358
772,,,,1759.0,6637.28355335568,-4822.19741860048,265,2,163.401,125828.8251304748
773,,,,1750.0,6642.28355335568,-4817.19741860048,266,2,163.342,128048.85964936618
774,,,,1735.0,6647.28355335568,-4812.19741860048,267,2,163.301,89022.83431052393
775,,,,1722.0,6652.28355335568,-4807.19741860048,268,2,163.253,104271.83056716446
776,,,,1706.0,6657.28355335568,-4802.19741860048,269,2,163.189,139085.8852943549
777,,,,1701.0,6662.28355335568,-4797.19741860048,270,2,163.134,119573.09957900752
778,,,,1681.0,6667.28355335568,-4792.19741860048,271,2,163.083,110924.04318514981
779,,,,1667.0,6672.28355335568,-4787.19741860048,272,2,163.022,132727.76671820562
780,,,,1657.0,6677.28355335568,-4782.19741860048,273,2,162.974,104484.85100447139
781,,,,1655.0,6682.28355335568,-4777.19741860048,274,2,162.923,111064.54432255901
782,,,,1640.0,6687.28355335568,-4772.19741860048,275,2,162.879,95864.13567504131
783,,,,1623.0,6692.28355335568,-4767.19741860048,276,2,162.827,113345.27916550543
784,,,,1606.0,6697.28355335568,-4762.19741860048,277,2,162.754,159177.10419072834
785,,,,1583.0,6702.28355335568,-4757.19741860048,278,2,162.691,137417.1542743501
786,,,,1563.0,6707.28355335568,-4752.19741860048,279,2,162.622,150555.69088687765
787,,,,1547.0,6712.28355335568,-4747.19741860048,280,2,162.54,178971.5226716998
788,,,,1528.0,6717.28355335568,-4742.19741860048,281,2,162.473,146274.70012824875
789,,,,1510.0,6722.28355335568,-4737.19741860048,282,2,162.419,117936.87200371349
790,,,,1491.0,6727.28355335568,-4732.19741860048,283,2,162.365,117985.35932603032
791,,,,1474.0,6732.28355335568,-4727.19741860048,284,2,162.306,128960.85677953552
792,,,,1462.0,6737.28355335568,-4722.19741860048,285,2,162.259,102774.26251531533
793,,,,1448.0,6742.28355335568,-4717.19741860048,286,2,162.169,196864.70117827217
794,,,,1432.0,6747.28355335568,-4712.19741860048,287,2,162.116,115966.27089629121
795,,,,1414.0,6752.28355335568,-4707.19741860048,288,2,162.064,113825.6746810417
796,,,,1398.0,6757.28355335568,-4702.19741860048,289,2,162.022,91977.52190226229
797,,,,1379.0,6762.28355335568,-4697.19741860048,290,2,161.98,92021.72262588606
798,,,,1364.0,6767.28355335568,-4692.19741860048,291,2,161.942,83298.7368804246
799,,,,1350.0,6772.28355335568,-4687.19741860048,292,2,161.866,166661.88905620525
800,,,,1334.0,6777.28355335568,-4682.19741860048,293,2,161.801,142582.8973312156
801,,,,1318.0,6782.28355335568,-4677.19741860048,294,2,161.723,171150.05733657986
802,,,,1319.0,6787.28355335568,-4672.19741860048,295,2,161.638,186553.13775323238
803,,,,1315.0,6792.28355335568,-4667.19741860048,296,2,161.566,158061.1113776774
804,,,,1313.0,6797.28355335568,-4662.19741860048,297,2,161.498,149325.11774395482
805,,,,1310.0,6802.28355335568,-4657.19741860048,298,2,161.454,96659.68743738827
806,,,,1305.0,6807.28355335568,-4652.19741860048,299,2,161.407,103296.89964003202
807,,,,1298.0,6812.28355335568,-4647.19741860048,300,2,161.357,109937.99444078964
808,,,,1284.0,6817.28355335568,-4642.19741860048,301,2,161.291,145172.47165893033
809,,,,1270.0,6822.28355335568,-4637.19741860048,302,2,161.235,123220.37421842024
810,,,,1253.0,6827.28355335568,-4632.19741860048,303,2,161.196,85851.78667232352
811,,,,1232.0,6832.28355335568,-4627.19741860048,304,2,161.167,63871.787270193505
812,,,,1224.0,6837.28355335568,-4622.19741860048,305,2,161.135,70517.4452420601
813,,,,1222.0,6842.28355335568,-4617.19741860048,306,2,161.101,74964.22282535206
814,,,,1217.0,6847.28355335568,-4612.19741860048,307,2,161.069,70591.65895633075
815,,,,1212.0,6852.28355335568,-4607.19741860048,308,2,161.017,114765.27922942155
816,,,,1223.0,6858.28355335568,-4601.19741860048,309,2,160.965,114828.68046396499
817,,,,1220.0,6863.28355335568,-4596.19741860048,310,2,160.923,92786.76188975075
818,,,,1214.0,6868.28355335568,-4591.19741860048,311,2,160.889,75150.06627364685
819,,,,1207.0,6873.28355335568,-4586.19741860048,312,2,160.855,75188.88328213432
820,,,,1202.0,6878.28355335568,-4581.19741860048,313,2,160.818,81864.64990191822
821,,,,1194.0,6883.28355335568,-4576.19741860048,314,2,160.774,97398.7926776181
822,,,,1179.0,6888.28355335568,-4571.19741860048,315,2,160.719,121799.42194305887
823,,,,1167.0,6893.28355335568,-4566.19741860048,316,2,160.659,132920.98090862553
824,,,,1151.0,6898.28355335568,-4561.19741860048,317,2,160.588,157339.75566319996
825,,,,1136.0,6903.28355335568,-4556.19741860048,318,2,160.518,155168.00380785292
826,,,,1120.0,6908.28355335568,-4551.19741860048,319,2,160.444,164079.941433086
827,,,,1104.0,6913.28355335568,-4546.19741860048,320,2,160.363,179644.21030898672
828,,,,1101.0,6918.28355335568,-4541.19741860048,321,2,160.279,186336.5511096731
829,,,,1091.0,6923.28355335568,-4536.19741860048,322,2,160.206,161973.0226606119
830,,,,1087.0,6928.28355335568,-4531.19741860048,323,2,160.135,157578.3430053468
831,,,,1077.0,6933.28355335568,-4526.19741860048,324,2,160.068,148743.89897350804
832,,,,1075.0,6938.28355335568,-4521.19741860048,325,2,159.991,170990.8273768628
833,,,,1071.0,6943.28355335568,-4516.19741860048,326,2,159.928,139941.1648597146
834,,,,1069.0,6948.28355335568,-4511.19741860048,327,2,159.899,64445.21183654544
835,,,,1058.0,6953.28355335568,-4506.19741860048,328,2,159.827,160066.47869138033
836,,,,1048.0,6958.28355335568,-4501.19741860048,329,2,159.762,144546.40736466518
837,,,,1043.0,6963.28355335568,-4496.19741860048,330,2,159.691,157935.36928887482
838,,,,1033.0,6968.28355335568,-4491.19741860048,331,2,159.624,149080.1900102807
839,,,,1027.0,6973.28355335568,-4486.19741860048,332,2,159.554,155800.30885949195
840,,,,1018.0,6978.28355335568,-4481.19741860048,333,2,159.474,178101.42763682432
841,,,,1011.0,6983.28355335568,-4476.19741860048,334,2,159.389,189270.41321221486
842,,,,997.0,6988.28355335568,-4471.19741860048,335,2,159.311,173718.9455394541
843,,,,989.0,6993.28355335568,-4466.19741860048,336,2,159.237,164849.5402122489
844,,,,980.0,6998.28355335568,-4461.19741860048,337,2,159.164,162663.01516207284
845,,,,980.0,7003.28355335568,-4456.19741860048,338,2,159.091,162704.59053089784
846,,,,987.0,7008.28355335568,-4451.19741860048,339,2,159.031,133769.350833642
847,,,,997.0,7013.28355335568,-4446.19741860048,340,2,158.955,169489.5747837846
848,,,,989.0,7018.28355335568,-4441.19741860048,341,2,158.902,118232.95943726307
849,,,,984.0,7023.28355335568,-4436.19741860048,342,2,158.816,191902.42994440015
850,,,,972.0,7028.28355335568,-4431.19741860048,343,2,158.75,147308.2970637323
851,,,,965.0,7033.28355335568,-4426.19741860048,344,2,158.704,102706.22386874355
852,,,,953.0,7038.28355335568,-4421.19741860048,345,2,158.657,104982.80521848946
853,,,,943.0,7043.28355335568,-4416.19741860048,346,2,158.606,113963.23676943852
854,,,,928.0,7048.28355335568,-4411.19741860048,347,2,158.558,107302.16663599611
855,,,,920.0,7053.28355335568,-4406.19741860048,348,2,158.501,127469.50071814677
856,,,,915.0,7058.28355335568,-4401.19741860048,349,2,158.434,149880.1455648627
857,,,,914.0,7063.28355335568,-4396.19741860048,350,2,158.37,143211.29490157097
858,,,,911.0,7068.28355335568,-4391.19741860048,351,2,158.32,111922.73592563596
859,,,,907.0,7073.28355335568,-4386.19741860048,352,2,158.275,100771.47929583087
860,,,,903.0,7078.28355335568,-4381.19741860048,353,2,158.226,109773.90732312544
861,,,,898.0,7083.28355335568,-4376.19741860048,354,2,158.168,129984.28816164788
862,,,,894.0,7088.28355335568,-4371.19741860048,355,2,158.111,127786.88833642822
863,,,,885.0,7093.28355335568,-4366.19741860048,356,2,158.064,105407.78959165828
864,,,,875.0,7098.28355335568,-4361.19741860048,357,2,158.008,125639.84603943149
865,,,,853.0,7103.28355335568,-4356.19741860048,358,2,157.946,139147.27281267685
866,,,,848.0,7108.28355335568,-4351.19741860048,359,2,157.874,161635.54405110306
867,,,,845.0,7113.28355335568,-4346.19741860048,360,2,157.823,114527.75617510256
868,,,,848.0,7118.28355335568,-4341.19741860048,361,2,157.771,116817.35414640908
869,,,,849.0,7123.28355335568,-4336.19741860048,362,2,157.731,89896.40830601506
870,,,,838.0,7128.28355335568,-4331.19741860048,363,2,157.679,116913.25960930671
871,,,,837.0,7133.28355335568,-4326.19741860048,364,2,157.631,107961.3905860159
872,,,,835.0,7138.28355335568,-4321.19741860048,365,2,157.587,99005.08046537857
873,,,,826.0,7143.28355335568,-4316.19741860048,366,2,157.549,85542.02062303181
874,,,,818.0,7148.28355335568,-4311.19741860048,367,2,157.49,132867.29803956597
875,,,,804.0,7153.28355335568,-4306.19741860048,368,2,157.448,94619.3142605263
876,,,,795.0,7158.28355335568,-4301.19741860048,369,2,157.409,87899.59170563282
877,,,,786.0,7163.28355335568,-4296.19741860048,370,2,157.318,205157.56560357893
878,,,,775.0,7168.28355335568,-4291.19741860048,371,2,157.248,157842.87989719052
879,,,,765.0,7173.28355335568,-4286.19741860048,372,2,157.179,155627.70792031052
880,,,,753.0,7178.28355335568,-4281.19741860048,373,2,157.108,160178.92542247364
881,,,,745.0,7183.28355335568,-4276.19741860048,374,2,157.047,137656.53112698757
882,,,,728.0,7188.28355335568,-4271.19741860048,375,2,156.994,119643.0350351005
883,,,,718.0,7193.28355335568,-4266.19741860048,376,2,156.917,173869.9141808384
884,,,,708.0,7198.28355335568,-4261.19741860048,377,2,156.837,180679.22063999288
885,,,,692.0,7203.28355335568,-4256.19741860048,378,2,156.751,194262.24233191885
886,,,,676.0,7208.28355335568,-4251.19741860048,379,2,156.662,201066.1098243968
887,,,,664.0,7213.28355335568,-4246.19741860048,380,2,156.577,192055.94679243228
888,,,,650.0,7218.28355335568,-4241.19741860048,381,2,156.491,194343.96921141277
889,,,,634.0,7223.28355335568,-4236.19741860048,382,2,156.403,198890.74340469352
890,,,,620.0,7228.28355335568,-4231.19741860048,383,2,156.322,183097.66291205038
891,,,,610.0,7233.28355335568,-4226.19741860048,384,2,156.245,174088.2020124687
892,,,,614.0,7238.28355335568,-4221.19741860048,385,2,156.196,110815.29103302101
893,,,,616.0,7243.28355335568,-4216.19741860048,386,2,156.104,208111.12574155908
894,,,,629.0,7248.28355335568,-4211.19741860048,387,2,156.04,144800.5261746823
895,,,,638.0,7253.28355335568,-4206.19741860048,388,2,155.966,167467.0311377371
896,,,,641.0,7258.28355335568,-4201.19741860048,389,2,155.928,86024.97344245673
905,,,,763.0,7303.28355335568,-4156.19741860048,398,2,155.91,40993.944060805465
906,,,,769.0,7308.28355335568,-4151.19741860048,399,2,155.895,34181.39030027993
923,,,,925.0,7393.28355335568,-4066.19741860048,416,2,155.887,18440.74186268126
931,,,,970.0,7433.28355335568,-4026.19741860048,424,2,155.88,16222.167595064873
935,,,,1020.0,7453.28355335568,-4006.19741860048,428,2,155.876,9294.423469818152
936,,,,1032.0,7458.28355335568,-4001.19741860048,429,2,155.834,97642.50578949666
937,,,,1046.0,7463.28355335568,-3996.19741860048,430,2,155.826,18608.05561793339
944,,,,1111.0,7498.28355335568,-3961.19741860048,437,2,155.786,93462.2053851122
950,,,,1149.0,7528.28355335568,-3931.19741860048,443,2,155.748,89122.01896344771
951,,,,1160.0,7533.28355335568,-3926.19741860048,444,2,155.715,77429.19014747065
952,,,,1172.0,7538.28355335568,-3921.19741860048,445,2,155.686,68075.44206714831
953,,,,1187.0,7543.28355335568,-3916.19741860048,446,2,155.667,44623.85531958389
956,,,,1231.0,7558.28355335568,-3901.19741860048,449,2,155.646,49412.83048479746
957,,,,1253.0,7563.28355335568,-3896.19741860048,450,2,155.579,157710.15590078937
958,,,,1267.0,7568.28355335568,-3891.19741860048,451,2,155.538,96539.48864503624
961,,,,1326.0,7583.28355335568,-3876.19741860048,454,2,155.515,54252.47127986264
964,,,,1366.0,7598.28355335568,-3861.19741860048,457,2,155.479,85068.74143405873
966,,,,1403.0,7608.28355335568,-3851.19741860048,459,2,155.47,21292.093463725985
967,,,,1412.0,7613.28355335568,-3846.19741860048,460,2,155.421,115978.16552214434
971,,,,1467.0,7633.28355335568,-3826.19741860048,464,2,155.4,49824.28137405706
972,,,,1474.0,7638.28355335568,-3821.19741860048,465,2,155.397,7121.866840630862
985,,,,1684.0,7703.28355335568,-3756.19741860048,478,2,155.384,31122.444157953127
1016,,,,2126.0,7858.28355335568,-3601.19741860048,509,2,155.345,95230.06701974453
1017,,,,2125.0,7863.28355335568,-3596.19741860048,510,2,155.274,173416.45445823995
1018,,,,2128.0,7868.28355335568,-3591.19741860048,511,2,155.229,109940.6541675114
1034,,,,2241.0,7949.28355335568,-3510.19741860048,527,2,155.193,88834.76997119535
1035,,,,2235.0,7954.28355335568,-3505.19741860048,528,2,155.118,185122.62627944368
1036,,,,2229.0,7959.28355335568,-3500.19741860048,529,2,155.044,182681.38060517708
1037,,,,2232.0,7964.28355335568,-3495.19741860048,530,2,154.962,202456.0063538641
1038,,,,2227.0,7969.28355335568,-3490.19741860048,531,2,154.878,207413.03655843265
1039,,,,2218.0,7974.28355335568,-3485.19741860048,532,2,154.778,246928.4747997766
1040,,,,2209.0,7979.28355335568,-3480.19741860048,533,2,154.702,187676.5792310149
1041,,,,2200.0,7984.28355335568,-3475.19741860048,534,2,154.579,303734.6258048204
1042,,,,2183.0,7989.28355335568,-3470.19741860048,535,2,154.525,133354.05318773357
1043,,,,2169.0,7994.28355335568,-3465.19741860048,536,2,154.449,187721.95826268708
1044,,,,2157.0,7999.28355335568,-3460.19741860048,537,2,154.355,232199.81129063765
1045,,,,2152.0,8004.28355335568,-3455.19741860048,538,2,154.271,207507.72133879564
1046,,,,2145.0,8009.28355335568,-3450.19741860048,539,2,154.199,177884.90623459764
1047,,,,2137.0,8014.28355335568,-3445.19741860048,540,2,154.129,172971.9613607869
1048,,,,2126.0,8019.28355335568,-3440.19741860048,541,2,154.059,173001.28718189374
1049,,,,2113.0,8024.28355335568,-3435.19741860048,542,2,153.968,224924.3350981638
1050,,,,2108.0,8029.28355335568,-3430.19741860048,543,2,153.889,195277.820603897
1051,,,,2096.0,8034.28355335568,-3425.19741860048,544,2,153.821,168111.59866983898
1052,,,,2086.0,8039.28355335568,-3420.19741860048,545,2,153.754,165669.73680788398
1053,,,,2074.0,8044.28355335568,-3415.19741860048,546,2,153.672,202787.79708524595
1054,,,,2067.0,8049.28355335568,-3410.19741860048,547,2,153.59,202805.59498002043
1055,,,,2064.0,8054.28355335568,-3405.19741860048,548,2,153.513,190459.08744063208
1056,,,,2055.0,8059.28355335568,-3400.19741860048,549,2,153.43,205320.47575256124
1057,,,,2046.0,8064.28355335568,-3395.19741860048,550,2,153.352,192970.20889112118
1058,,,,2033.0,8069.28355335568,-3390.19741860048,551,2,153.268,207833.11274292105
1059,,,,2031.0,8074.28355335568,-3385.19741860048,552,2,153.171,240004.71164727665
1060,,,,2024.0,8079.28355335568,-3380.19741860048,553,2,153.072,244948.17928977415
1061,,,,2022.0,8084.28355335568,-3375.19741860048,554,2,152.98,227627.42580662042
1062,,,,2016.0,8089.28355335568,-3370.19741860048,555,2,152.889,225157.75747745263
1063,,,,2013.0,8094.28355335568,-3365.19741860048,556,2,152.799,222689.28157724565
1064,,,,2010.0,8099.28355335568,-3360.19741860048,557,2,152.709,222695.63278368127
1065,,,,1999.0,8104.28355335568,-3355.19741860048,558,2,152.637,178171.96074357867
1066,,,,1991.0,8109.28355335568,-3350.19741860048,559,2,152.559,193043.83046130266
1067,,,,1981.0,8114.28355335568,-3345.19741860048,560,2,152.483,188114.99355987067
1068,,,,1968.0,8119.28355335568,-3340.19741860048,561,2,152.414,170812.61863219822
1069,,,,1961.0,8124.28355335568,-3335.19741860048,562,2,152.327,215394.79960695817
1070,,,,1946.0,8129.28355335568,-3330.19741860048,563,2,152.24,215404.30084752748
1071,,,,1935.0,8134.28355335568,-3325.19741860048,564,2,152.142,242641.0906607085
1072,,,,1925.0,8139.28355335568,-3320.19741860048,565,2,152.051,225308.09045709937
1073,,,,1919.0,8144.28355335568,-3315.19741860048,566,2,151.958,230262.00138577947
1074,,,,1911.0,8149.28355335568,-3310.19741860048,567,2,151.866,227787.20922091746
1075,,,,1904.0,8154.28355335568,-3305.19741860048,568,2,151.777,220363.2097683175
1076,,,,1896.0,8159.28355335568,-3300.19741860048,569,2,151.698,195614.94753196335
1077,,,,1890.0,8164.28355335568,-3295.19741860048,570,2,151.618,198108.62642160148
1078,,,,1881.0,8169.28355335568,-3290.19741860048,571,2,151.534,208028.91041242587
1079,,,,1868.0,8174.28355335568,-3285.19741860048,572,2,151.447,215468.77665926836
1080,,,,1854.0,8179.28355335568,-3280.19741860048,573,2,151.354,230332.6572492613
1081,,,,1848.0,8184.28355335568,-3275.19741860048,574,2,151.263,225380.00358201136
1082,,,,1832.0,8189.28355335568,-3270.19741860048,575,2,151.179,208049.79690130378
1083,,,,1823.0,8194.28355335568,-3265.19741860048,576,2,151.093,213013.61312866537
1084,,,,1810.0,8199.28355335568,-3260.19741860048,577,2,151.022,175875.98510126056
1085,,,,1800.0,8204.28355335568,-3255.19741860048,578,2,150.953,170946.7082956674
1086,,,,1790.0,8209.28355335568,-3250.19741860048,579,2,150.873,198222.0174220415
1087,,,,1782.0,8214.28355335568,-3245.19741860048,580,2,150.791,203192.19797482225
1088,,,,1767.0,8219.28355335568,-3240.19741860048,581,2,150.713,193295.4557407415
1089,,,,1757.0,8224.28355335568,-3235.19741860048,582,2,150.625,218089.44585128105
1090,,,,1742.0,8229.28355335568,-3230.19741860048,583,2,150.548,190839.72720233435
1091,,,,1733.0,8234.28355335568,-3225.19741860048,584,2,150.469,195814.08725807606
1092,,,,1725.0,8239.28355335568,-3220.19741860048,585,2,150.416,131391.0720934187
1093,,,,1709.0,8244.28355335568,-3215.19741860048,586,2,150.361,136382.9980880383
1094,,,,1695.0,8249.28355335568,-3210.19741860048,587,2,150.31,126496.33709879084
1095,,,,1680.0,8254.28355335568,-3205.19741860048,588,2,150.248,153815.2392862569
1096,,,,1665.0,8259.28355335568,-3200.19741860048,589,2,150.182,163768.2128236929
1097,,,,1655.0,8264.28355335568,-3195.19741860048,590,2,150.11,178682.2730498447
1098,,,,1648.0,8269.28355335568,-3190.19741860048,591,2,150.054,138999.90879655824
1099,,,,1632.0,8274.28355335568,-3185.19741860048,592,2,150.006,119173.51310495999
1100,,,,1615.0,8279.28355335568,-3180.19741860048,593,2,149.953,131622.6176151871
1101,,,,1603.0,8284.28355335568,-3175.19741860048,594,2,149.876,191257.8709209647
1102,,,,1591.0,8289.28355335568,-3170.19741860048,595,2,149.806,173890.43516855466
1103,,,,1582.0,8294.28355335568,-3165.19741860048,596,2,149.734,178881.81808120236
1104,,,,1580.0,8299.28355335568,-3160.19741860048,597,2,149.658,188840.1717221303
1105,,,,1582.0,8304.28355335568,-3155.19741860048,598,2,149.579,196310.9629147326
1106,,,,1587.0,8309.28355335568,-3150.19741860048,599,2,149.505,183902.85840814596
1107,,,,1585.0,8314.28355335568,-3145.19741860048,600,2,149.436,171498.13654090653
1108,,,,1584.0,8319.28355335568,-3140.19741860048,601,2,149.366,174007.29950166793
1109,,,,1589.0,8324.28355335568,-3135.19741860048,602,2,149.289,191428.8456563791
1110,,,,1597.0,8329.28355335568,-3130.19741860048,603,2,149.215,183988.0098779653
1111,,,,1615.0,8334.28355335568,-3125.19741860048,604,2,149.152,156660.53640077796
1112,,,,1626.0,8339.28355335568,-3120.19741860048,605,2,149.108,109440.08735540709
1113,,,,1634.0,8344.28355335568,-3115.19741860048,606,2,149.076,79620.21910638853
1126,,,,1719.0,8409.28355335568,-3050.19741860048,619,2,149.055,52648.4304159215
1127,,,,1712.0,8414.28355335568,-3045.19741860048,620,2,149.014,102829.52046306417
1128,,,,1710.0,8419.28355335568,-3040.19741860048,621,2,148.967,117912.96702807912
1129,,,,1714.0,8424.28355335568,-3035.19741860048,622,2,148.936,77798.19964526968
1130,,,,1728.0,8429.28355335568,-3030.19741860048,623,2,148.918,45192.52482302337
1131,,,,1743.0,8434.28355335568,-3025.19741860048,624,2,148.905,32655.007199256772
1132,,,,1753.0,8439.28355335568,-3020.19741860048,625,2,148.883,55288.58215728528
1133,,,,1754.0,8444.28355335568,-3015.19741860048,626,2,148.847,90508.19552426456
1134,,,,1756.0,8449.28355335568,-3010.19741860048,627,2,148.816,77966.21180063275
1135,,,,1752.0,8454.28355335568,-3005.19741860048,628,2,148.799,42774.06719543287
1136,,,,1743.0,8459.28355335568,-3000.19741860048,629,2,148.777,55380.15477886394
1137,,,,1739.0,8464.28355335568,-2995.19741860048,630,2,148.762,37776.81696269408
1138,,,,1732.0,8469.28355335568,-2990.19741860048,631,2,148.736,65509.46788248777
1139,,,,1731.0,8474.28355335568,-2985.19741860048,632,2,148.705,78138.58060614693
1140,,,,1724.0,8479.28355335568,-2980.19741860048,633,2,148.665,100859.38201050676
1141,,,,1719.0,8484.28355335568,-2975.19741860048,634,2,148.604,153848.983744918
1142,,,,1716.0,8489.28355335568,-2970.19741860048,635,2,148.537,169008.4516899716
1143,,,,1718.0,8494.28355335568,-2965.19741860048,636,2,148.473,161464.77812364115
1144,,,,1723.0,8499.28355335568,-2960.19741860048,637,2,148.415,146353.44714419573
1145,,,,1726.0,8504.28355335568,-2955.19741860048,638,2,148.354,153952.2712765406
1146,,,,1733.0,8509.28355335568,-2950.19741860048,639,2,148.292,156503.1855960923
1147,,,,1733.0,8514.28355335568,-2945.19741860048,640,2,148.238,136335.9871121394
1148,,,,1733.0,8519.28355335568,-2940.19741860048,641,2,148.184,136366.36575045623
1149,,,,1728.0,8524.28355335568,-2935.19741860048,642,2,148.125,149023.49418925852
1150,,,,1724.0,8529.28355335568,-2930.19741860048,643,2,148.063,156628.82910031124
1151,,,,1721.0,8534.28355335568,-2925.19741860048,644,2,148.004,149076.4639986837
1152,,,,1712.0,8539.28355335568,-2920.19741860048,645,2,147.95,136470.69673649583
1153,,,,1705.0,8544.28355335568,-2915.19741860048,646,2,147.891,149137.21405178326
1154,,,,1697.0,8549.28355335568,-2910.19741860048,647,2,147.83,154220.36358254158
1155,,,,1692.0,8554.28355335568,-2905.19741860048,648,2,147.771,149190.63158673962
1156,,,,1692.0,8559.28355335568,-2900.19741860048,649,2,147.704,169446.63863110708
1157,,,,1687.0,8564.28355335568,-2895.19741860048,650,2,147.643,154295.56273262718
1158,,,,1679.0,8569.28355335568,-2890.19741860048,651,2,147.579,161909.82586806352
1159,,,,1673.0,8574.28355335568,-2885.19741860048,652,2,147.512,169522.99183891824
1160,,,,1668.0,8579.28355335568,-2880.19741860048,653,2,147.433,199902.92622393437
1161,,,,1664.0,8584.28355335568,-2875.19741860048,654,2,147.361,182202.8605796182
1162,,,,1656.0,8589.28355335568,-2870.19741860048,655,2,147.288,184750.138108974
1163,,,,1661.0,8594.28355335568,-2865.19741860048,656,2,147.213,189826.88255605326
1164,,,,1661.0,8599.28355335568,-2860.19741860048,657,2,147.141,182248.8127966479
1165,,,,1660.0,8604.28355335568,-2855.19741860048,658,2,147.075,167080.18073565658
1166,,,,1656.0,8609.28355335568,-2850.19741860048,659,2,147.009,167102.26793733976
1167,,,,1653.0,8614.28355335568,-2845.19741860048,660,2,146.935,187376.6553957202
1168,,,,1649.0,8619.28355335568,-2840.19741860048,661,2,146.863,182327.63539743997
1169,,,,1632.0,8624.28355335568,-2835.19741860048,662,2,146.799,162087.95883809644
1170,,,,1610.0,8629.28355335568,-2830.19741860048,663,2,146.728,179837.86766316896
1171,,,,1594.0,8634.28355335568,-2825.19741860048,664,2,146.668,151995.85544522636
1172,,,,1580.0,8639.28355335568,-2820.19741860048,665,2,146.603,164687.33625344554
1173,,,,1567.0,8644.28355335568,-2815.19741860048,666,2,146.522,205242.3049428119
1174,,,,1554.0,8649.28355335568,-2810.19741860048,667,2,146.436,217913.40576522198
1175,,,,1541.0,8654.28355335568,-2805.19741860048,668,2,146.35,217911.36354297274
1176,,,,1524.0,8659.28355335568,-2800.19741860048,669,2,146.269,205243.54242202203
1177,,,,1509.0,8664.28355335568,-2795.19741860048,670,2,146.186,210314.78286751674
1178,,,,1495.0,8669.28355335568,-2790.19741860048,671,2,146.104,207783.4809644311
1179,,,,1489.0,8674.28355335568,-2785.19741860048,672,2,146.029,190053.33579697736
1180,,,,1475.0,8679.28355335568,-2780.19741860048,673,2,145.962,169796.2698298863
1181,,,,1454.0,8684.28355335568,-2775.19741860048,674,2,145.905,144475.3799084034
1182,,,,1436.0,8689.28355335568,-2770.19741860048,675,2,145.839,167313.0585053595
1183,,,,1411.0,8694.28355335568,-2765.19741860048,676,2,145.777,157194.31594714292
1184,,,,1394.0,8699.28355335568,-2760.19741860048,677,2,145.692,215523.5756310554
1185,,,,1382.0,8704.28355335568,-2755.19741860048,678,2,145.606,218056.47358521697
1186,,,,1381.0,8709.28355335568,-2750.19741860048,679,2,145.521,215518.14540823142
1187,,,,1367.0,8714.28355335568,-2745.19741860048,680,2,145.438,210446.43595726363
1188,,,,1356.0,8719.28355335568,-2740.19741860048,681,2,145.348,228190.10286108425
1189,,,,1345.0,8724.28355335568,-2735.19741860048,682,2,145.266,207902.71312719837
1190,,,,1335.0,8729.28355335568,-2730.19741860048,683,2,145.192,187626.27793316232
1191,,,,1320.0,8734.28355335568,-2725.19741860048,684,2,145.128,162287.18087750836
1192,,,,1306.0,8739.28355335568,-2720.19741860048,685,2,145.057,180056.6388530616
1193,,,,1284.0,8744.28355335568,-2715.19741860048,686,2,145.001,142035.56633943488
1194,,,,1263.0,8749.28355335568,-2710.19741860048,687,2,144.944,144598.22813307116
1195,,,,1253.0,8754.28355335568,-2705.19741860048,688,2,144.866,197892.15549458016
1196,,,,1241.0,8759.28355335568,-2700.19741860048,689,2,144.794,182679.4133326874
1197,,,,1225.0,8764.28355335568,-2695.19741860048,690,2,144.733,154787.3001855149
1198,,,,1205.0,8769.28355335568,-2690.19741860048,691,2,144.672,154810.34491231083
1199,,,,1182.0,8774.28355335568,-2685.19741860048,692,2,144.615,144682.31147904688
1200,,,,1163.0,8779.28355335568,-2680.19741860048,693,2,144.583,81246.43984205453
1201,,,,1157.0,8784.28355335568,-2675.19741860048,694,2,144.531,132062.28647271442
1202,,,,1142.0,8789.28355335568,-2670.19741860048,695,2,144.48,129550.18108102382
1203,,,,1130.0,8794.28355335568,-2665.19741860048,696,2,144.42,152440.11111387314
1204,,,,1138.0,8799.28355335568,-2660.19741860048,697,2,144.348,182948.50894568447
1205,,,,1147.0,8804.28355335568,-2655.19741860048,698,2,144.28,172799.06723381078
1206,,,,1156.0,8809.28355335568,-2650.19741860048,699,2,144.213,170274.9148906206
1207,,,,1162.0,8814.28355335568,-2645.19741860048,700,2,144.158,139798.10694107754
1208,,,,1160.0,8819.28355335568,-2640.19741860048,701,2,144.12,96611.40611933771
1209,,,,1161.0,8824.28355335568,-2635.19741860048,702,2,144.093,68668.37736564786
1210,,,,1160.0,8829.28355335568,-2630.19741860048,703,2,144.089,10177.762371868866
1214,,,,1166.0,8849.28355335568,-2610.19741860048,707,2,144.088,2550.1599865675566
1215,,,,1170.0,8854.28355335568,-2605.19741860048,708,2,144.08,20412.169463979626
1216,,,,1181.0,8859.28355335568,-2600.19741860048,709,2,144.067,33186.08771464748
1217,,,,1182.0,8864.28355335568,-2595.19741860048,710,2,144.05,43417.16333720659
1218,,,,1188.0,8869.28355335568,-2590.19741860048,711,2,144.036,35771.62990455391
1219,,,,1186.0,8874.28355335568,-2585.19741860048,712,2,144.027,23007.174689109877
1220,,,,1189.0,8879.28355335568,-2580.19741860048,713,2,144.016,28133.770198140483
1221,,,,1183.0,8884.28355335568,-2575.19741860048,714,2,144.004,30706.2161884512
1222,,,,1178.0,8889.28355335568,-2570.19741860048,715,2,143.987,43520.57221683527
1223,,,,1169.0,8894.28355335568,-2565.19741860048,716,2,143.956,79392.44736533587
1224,,,,1156.0,8899.28355335568,-2560.19741860048,717,2,143.92,92228.045479413
1225,,,,1143.0,8904.28355335568,-2555.19741860048,718,2,143.896,61507.086604625176
1226,,,,1128.0,8909.28355335568,-2550.19741860048,719,2,143.861,89729.80476119522
1227,,,,1115.0,8914.28355335568,-2545.19741860048,720,2,143.818,110271.44366881323
1228,,,,1111.0,8919.28355335568,-2540.19741860048,721,2,143.777,105170.79549468515
1229,,,,1104.0,8924.28355335568,-2535.19741860048,722,2,143.74,94937.67967311894
1230,,,,1094.0,8929.28355335568,-2530.19741860048,723,2,143.708,82134.55036306691
1231,,,,1090.0,8934.28355335568,-2525.19741860048,724,2,143.674,87296.7773884147
1232,,,,1081.0,8939.28355335568,-2520.19741860048,725,2,143.636,97597.13119318361
1233,,,,1076.0,8944.28355335568,-2515.19741860048,726,2,143.607,74506.30238077049
1234,,,,1065.0,8949.28355335568,-2510.19741860048,727,2,143.582,64253.39486013122
1235,,,,1052.0,8954.28355335568,-2505.19741860048,728,2,143.561,53994.35668955092
1236,,,,1036.0,8959.28355335568,-2500.19741860048,729,2,143.545,41156.22502196608
1237,,,,1039.0,8964.28355335568,-2495.19741860048,730,2,143.535,25734.66522495008
1238,,,,1036.0,8969.28355335568,-2490.19741860048,731,2,143.532,7724.355965397169
1239,,,,1036.0,8974.28355335568,-2485.19741860048,732,2,143.522,25761.039911299406
1240,,,,1030.0,8979.28355335568,-2480.19741860048,733,2,143.506,41236.892796018336
1241,,,,1025.0,8984.28355335568,-2475.19741860048,734,2,143.485,54146.57894644852
1242,,,,1017.0,8989.28355335568,-2470.19741860048,735,2,143.461,61906.53500403113
1243,,,,1008.0,8994.28355335568,-2465.19741860048,736,2,143.428,85151.91347321561
1244,,,,1003.0,8999.28355335568,-2460.19741860048,737,2,143.396,82598.73618907365
1245,,,,994.0,9004.28355335568,-2455.19741860048,738,2,143.381,38733.321368675
1246,,,,983.0,9009.28355335568,-2450.19741860048,739,2,143.353,72331.50149083913
1247,,,,969.0,9014.28355335568,-2445.19741860048,740,2,143.308,116281.95919602331
1248,,,,970.0,9019.28355335568,-2440.19741860048,741,2,143.222,222249.39722265775
1249,,,,970.0,9024.28355335568,-2435.19741860048,742,2,143.175,121472.8036310215
1250,,,,972.0,9029.28355335568,-2430.19741860048,743,2,143.137,98237.30484370634
1251,,,,966.0,9034.28355335568,-2425.19741860048,744,2,143.117,51721.996085672
1252,,,,955.0,9039.28355335568,-2420.19741860048,745,2,143.109,20698.223794694026
1262,,,,870.0,9089.28355335568,-2370.19741860048,755,2,143.067,109247.662026939
1263,,,,865.0,9094.28355335568,-2365.19741860048,756,2,142.963,270528.7441757327
1264,,,,865.0,9099.28355335568,-2360.19741860048,757,2,142.938,65037.356679713346
1265,,,,875.0,9104.28355335568,-2355.19741860048,758,2,142.843,247173.9695253433
1266,,,,876.0,9109.28355335568,-2350.19741860048,759,2,142.767,197729.38815120046
1267,,,,880.0,9114.28355335568,-2345.19741860048,760,2,142.687,208136.695795126
1268,,,,880.0,9119.28355335568,-2340.19741860048,761,2,142.586,262750.0230887576
1269,,,,884.0,9124.28355335568,-2335.19741860048,762,2,142.494,239305.86949597238
1270,,,,885.0,9129.28355335568,-2330.19741860048,763,2,142.377,304278.171809949
1271,,,,878.0,9134.28355335568,-2325.19741860048,764,2,142.316,158628.46184700314
1272,,,,871.0,9139.28355335568,-2320.19741860048,765,2,142.222,244444.5055882282
1273,,,,871.0,9144.28355335568,-2315.19741860048,766,2,142.127,247015.94899074483
1274,,,,875.0,9149.28355335568,-2310.19741860048,767,2,142.033,244386.87896508424
1275,,,,867.0,9154.28355335568,-2305.19741860048,768,2,141.947,223568.4761394066
1276,,,,868.0,9159.28355335568,-2300.19741860048,769,2,141.854,241745.48635048053
1277,,,,873.0,9164.28355335568,-2295.19741860048,770,2,141.767,226128.94411475287
1278,,,,879.0,9169.28355335568,-2290.19741860048,771,2,141.678,231309.89433349663
1279,,,,884.0,9174.28355335568,-2285.19741860048,772,2,141.603,194917.51644583174
1280,,,,878.0,9179.28355335568,-2280.19741860048,773,2,141.527,197518.72198713786
1281,,,,878.0,9184.28355335568,-2275.19741860048,774,2,141.448,205314.8884423013
1282,,,,868.0,9189.28355335568,-2270.19741860048,775,2,141.372,197517.40126654695
1283,,,,851.0,9194.28355335568,-2265.19741860048,776,2,141.287,220901.99456719757
1284,,,,836.0,9199.28355335568,-2260.19741860048,777,2,141.226,158533.9488650779
1285,,,,816.0,9204.28355335568,-2255.19741860048,778,2,141.157,179340.19098262922
1286,,,,803.0,9209.28355335568,-2250.19741860048,779,2,141.08,200138.44329312572
1287,,,,784.0,9214.28355335568,-2245.19741860048,780,2,141.005,194940.8382111696
1288,,,,776.0,9219.28355335568,-2240.19741860048,781,2,140.945,155962.61987212396
1289,,,,763.0,9224.28355335568,-2235.19741860048,782,2,140.896,127389.28374712174
1290,,,,752.0,9229.28355335568,-2230.19741860048,783,2,140.855,106614.75468809389
1291,,,,743.0,9234.28355335568,-2225.19741860048,784,2,140.806,127445.93945610724
1292,,,,727.0,9239.28355335568,-2220.19741860048,785,2,140.753,137874.38221402827
1293,,,,716.0,9244.28355335568,-2215.19741860048,786,2,140.673,208126.53946289266
1294,,,,708.0,9249.28355335568,-2210.19741860048,787,2,140.614,153500.49014948632
1295,,,,693.0,9254.28355335568,-2205.19741860048,788,2,140.559,143113.00682513998
1296,,,,680.0,9259.28355335568,-2200.19741860048,789,2,140.499,156143.74301634837
1297,,,,670.0,9264.28355335568,-2195.19741860048,790,2,140.437,161365.58738937977
1298,,,,658.0,9269.28355335568,-2190.19741860048,791,2,140.383,140562.01120248582
1299,,,,643.0,9274.28355335568,-2185.19741860048,792,2,140.335,124965.99986548795
1300,,,,649.0,9279.28355335568,-2180.19741860048,793,2,140.296,101558.13029164942
1301,,,,658.0,9284.28355335568,-2175.19741860048,794,2,140.254,109397.64153754947
1302,,,,659.0,9289.28355335568,-2170.19741860048,795,2,140.208,119843.38802127694
1303,,,,652.0,9294.28355335568,-2165.19741860048,796,2,140.18,72968.15615481028
1306,,,,629.0,9309.28355335568,-2150.19741860048,799,2,140.142,99164.68540129179
1307,,,,619.0,9314.28355335568,-2145.19741860048,800,2,140.095,122679.72336665387
1308,,,,617.0,9319.28355335568,-2140.19741860048,801,2,140.056,101821.4576634565
1309,,,,612.0,9324.28355335568,-2135.19741860048,802,2,140.005,133179.77698809578
1310,,,,608.0,9329.28355335568,-2130.19741860048,803,2,139.953,135813.9933815586
1311,,,,597.0,9334.28355335568,-2125.19741860048,804,2,139.899,141059.76773258482
1312,,,,588.0,9339.28355335568,-2120.19741860048,805,2,139.862,96672.39032831856
1313,,,,582.0,9344.28355335568,-2115.19741860048,806,2,139.828,88859.09067927233
1314,,,,578.0,9349.28355335568,-2110.19741860048,807,2,139.784,115023.56240854823
1315,,,,575.0,9354.28355335568,-2105.19741860048,808,2,139.731,138577.11607305217
1316,,,,570.0,9359.28355335568,-2100.19741860048,809,2,139.677,141213.16975010958
1317,,,,562.0,9364.28355335568,-2095.19741860048,810,2,139.615,162152.9078953531
1318,,,,555.0,9369.28355335568,-2090.19741860048,811,2,139.555,156937.37337542427
1319,,,,543.0,9374.28355335568,-2085.19741860048,812,2,139.498,149107.5510596729
1320,,,,541.0,9379.28355335568,-2080.19741860048,813,2,139.422,198821.3024213322
1321,,,,540.0,9385.28355335568,-2074.19741860048,814,2,139.342,209302.3347573698
1322,,,,526.0,9390.28355335568,-2069.19741860048,815,2,139.272,183138.5123354813
1323,,,,513.0,9395.28355335568,-2064.19741860048,816,2,139.205,175296.81533182928
1324,,,,503.0,9400.28355335568,-2059.19741860048,817,2,139.132,191000.61080751594
1325,,,,490.0,9405.28355335568,-2054.19741860048,818,2,139.08,136066.4628931823
1326,,,,484.0,9410.28355335568,-2049.19741860048,819,2,139.02,157019.99137129885
1327,,,,470.0,9415.28355335568,-2044.19741860048,820,2,138.97,130867.73374989704
1328,,,,467.0,9420.28355335568,-2039.19741860048,821,2,138.914,146593.78019670898
1329,,,,465.0,9425.28355335568,-2034.19741860048,822,2,138.861,138759.73136876168
1330,,,,473.0,9430.28355335568,-2029.19741860048,823,2,138.8,159723.73966414982
1331,,,,472.0,9435.28355335568,-2024.19741860048,824,2,138.751,128319.84689037099
1332,,,,474.0,9440.28355335568,-2019.19741860048,825,2,138.714,96915.88621689394
1333,,,,472.0,9445.28355335568,-2014.19741860048,826,2,138.705,23582.710062759073
1333,,,,472.0,9445.28355335568,-2014.19741860048,826,2,138.705,3.281486036922189e8
